1. 29 
2. 2 
3. 12 
4. 89 
5. 18 
6. 83 
7. 47 
8. 76 
9. 92 
10. 4 
11. 17 
12. 48 
13. 94 
14. 74 
15. 52 
16. 8 
17. 68 
18. 31 
19. 87 
20. 47 
21. 76 
22. 3 
23. 98 
24. 27 
25. 65 
26. 1 
27. 67 
28. 28 
29. 36 
30. 65 
31. 77 
32. 32 
33. 63 
34. 66 
35. 65 
36. 80 
37. 99 
38. 9 
39. 60 
40. 47 
41. 40 
42. 33 
43. 37 
44. 4 
45. 66 
46. 50 
47. 26 
48. 52 
49. 67 
50. 51 
51. 78 
52. 74 
53. 29 
54. 0 
55. 75 
56. 99 
57. 16 
58. 43 
59. 29 
60. 57 
61. 17 
62. 65 
63. 93 
64. 5 
65. 85 
66. 11 
67. 1 
68. 98 
69. 1 
70. 82 
71. 56 
72. 11 
73. 33 
74. 43 
75. 65 
76. 69 
77. 67 
78. 17 
79. 52 
80. 64 
81. 78 
82. 90 
83. 86 
84. 67 
85. 10 
86. 21 
87. 80 
88. 60 
89. 6 
90. 9 
91. 67 
92. 81 
93. 22 
94. 27 
95. 69 
96. 44 
97. 90 
98. 67 
99. 52 
100. 70 
1. 27 
2. 49 
3. 55 
4. 14 
5. 86 
6. 33 
7. 73 
8. 44 
9. 31 
10. 28 
11. 36 
12. 86 
13. 12 
14. 93 
15. 88 
16. 25 
17. 20 
18. 86 
19. 81 
20. 44 
21. 59 
22. 40 
23. 13 
24. 83 
25. 94 
26. 20 
27. 59 
28. 83 
29. 90 
30. 97 
31. 27 
32. 96 
33. 32 
34. 8 
35. 10 
36. 2 
37. 32 
38. 23 
39. 44 
40. 1 
41. 3 
42. 95 
43. 19 
44. 38 
45. 15 
46. 28 
47. 25 
48. 28 
49. 18 
50. 50 
51. 71 
52. 77 
53. 55 
54. 40 
55. 49 
56. 65 
57. 88 
58. 57 
59. 79 
60. 52 
61. 65 
62. 96 
63. 17 
64. 77 
65. 95 
66. 28 
67. 67 
68. 77 
69. 5 
70. 44 
71. 0 
72. 37 
73. 77 
74. 39 
75. 43 
76. 66 
77. 0 
78. 2 
79. 74 
80. 46 
81. 89 
82. 30 
83. 14 
84. 54 
85. 78 
86. 89 
87. 6 
88. 46 
89. 95 
90. 28 
91. 13 
92. 12 
93. 18 
94. 36 
95. 75 
96. 53 
97. 94 
98. 76 
99. 39 
100. 9 
1. 85 
2. 56 
3. 80 
4. 83 
5. 13 
6. 95 
7. 37 
8. 36 
9. 84 
10. 88 
11. 40 
12. 29 
13. 90 
14. 52 
15. 91 
16. 5 
17. 98 
18. 19 
19. 43 
20. 33 
21. 98 
22. 47 
23. 92 
24. 71 
25. 49 
26. 57 
27. 34 
28. 59 
29. 70 
30. 49 
31. 15 
32. 41 
33. 31 
34. 15 
35. 64 
36. 53 
37. 21 
38. 75 
39. 97 
40. 32 
41. 14 
42. 9 
43. 2 
44. 5 
45. 15 
46. 54 
47. 39 
48. 8 
49. 28 
50. 62 
51. 19 
52. 93 
53. 4 
54. 71 
55. 6 
56. 23 
57. 92 
58. 95 
59. 55 
60. 80 
61. 78 
62. 26 
63. 72 
64. 95 
65. 99 
66. 8 
67. 11 
68. 50 
69. 93 
70. 96 
71. 37 
72. 52 
73. 89 
74. 80 
75. 9 
76. 89 
77. 65 
78. 65 
79. 10 
80. 35 
81. 40 
82. 49 
83. 11 
84. 49 
85. 44 
86. 67 
87. 20 
88. 43 
89. 83 
90. 46 
91. 15 
92. 64 
93. 8 
94. 67 
95. 15 
96. 56 
97. 19 
98. 85 
99. 35 
100. 90 
